The maze was successfully traversed!

20220
22201
02011
02220
00022

There is no possible path.

20011002220002222002200220010101101
22200220022200022222000020101011010
02220022220022202000222220001101001
22222222222222222220022222220000111
20022002220002222002200220020101101
22200110022200022222000020101011010
20011002220002222002200220010101101
22200220022200022222000020101011010
02220022220022202000222220001101001
20022002220002222002200220010101101
22200220022200022222000020101011010
02220022220022202000222220001101001
22222222222222222220022222220000111
22222222222222222220022222220000111
02220022220022202000222220001101001
22222222222222222220022222220000111
20022002220002222002200220020101101
22200110022200022222000020101011010
20011002220002222002200220010101101
22200220022200022222000020101011010
02220022220011102000222220001101001


The maze was successfully traversed!

20011001110001111001100110010101101
22200110011100011111000010101011010
01220011110011101000111110001101001
11122222222222222220011111110000111
10011001110002222001100110010101101
11100110011100022222000010101011010
10011001110002222002200111111111111
11100110011100022222000010101011010
01110011110022202000222220001101001
10011001110002222002200220010101101
11100110011100022222000020101011010
01110011110011101000222220001101101
11111111111111111110022222222222222
11111111111111111110022222220000222
01110011110011101000222220001101002
11111111111111111110022222220000222
10011001110001111001100220022222222
11100110011100011111000020102022020
10011001110001111001100220010102201
11100110011100011111000020101011222
01110011110011101000222220001101102


The maze was successfully traversed!

2220110002222
2001102222002
2222202020200
0000222020222
2220222020222
2020000222002
2022222202222
2000000000000
2222222222222


The maze was successfully traversed!

3220220002222
3003303332002
3333303030200
0000333030222
3330111030222
3030000332002
3033333302222
3000000000000
3333333333333

The maze was successfully traversed!

30220
33202
03022
03330
00033


The maze was successfully traversed!

30011002220002222002200220010101101
33300220022200022222000020101011010
01330033330033302000222220001101002
11133331133332333220022222220000222
10011001110002223002200220020102202
11100110011100023333000020202033020
10011001110002222003200133333333222
11100110011100023333000030101013020
01110011110011103000333330001103001
10011001110001113003300110010103201
11100110011100013333000010101013010
01110011110011101000111110001103302
11111111111111111110011111111111333
11111111111111111110011111110000113
01110011110011101000111110001101003
11111111111111111110011111110000333
10011001110001111001100110011113333
11100110011100011111000010101013010
10011001110001111001100110010103302
11100110011100011111000010101011333
01110011110011101000111110001101103